MSE: 81810126.73344065
RMSE: 9044.895064810904
R2: 0.7770120426266752
